Original array (Quick Sort):
36 6 62 40 21 80 45 58 13 90 19 64 27 80 2 15 56 26 4 31
After Qucik Sort
2 4 6 13 15 19 21 26 27 31 36 40 45 56 58 62 64 80 80 90
ArraySize 20 Time Taken 0.3796 milliseconds

Sorted array using merge
2 4 6 13 15 19 21 26 27 31 36 40 45 56 58 62 64 80 80 90
ArraySize 20 Time Taken 0.3713 milliseconds

Original array (Merge Sort):
36 6 62 40 21 80 45 58 13 90 19 64 27 80 2 15 56 26 4 31 6 28 83 18 11 22 75 89 10 98

Sorted array (Merge Sort):
2 4 6 6 10 11 13 15 18 19 21 22 26 27 28 31 36 40 45 56 58 62 64 75 80 80 83 89 90 98

Original array (Quick Sort):
36 6 62 40 21 80 45 58 13 90 19 64 27 80 2 15 56 26 4 31 6 28 83 18 11 22 75 89 10 98 58 85 55 34 4 33 4 20 14 45 77 44 36 11 70 65 69 63 55 10

Sorted array (Quick Sort):
2 4 4 4 6 6 10 10 11 11 13 14 15 18 19 20 21 22 26 27 28 31 33 34 36 36 40 44 45 45 55 55 56 58 58 62 63 64 65 69 70 75 77 80 80 83 85 89 90 98